// Distances = [
// 	[0.000,	37.902,	66.707,	97.577,	116.122, 69.301, 77.705, 76.547, 4.485, 86.276],
// 	[37.902, 0.000, 28.841, 76.899, 96.158, 32.575, 39.946, 76.079, 42.282, 48.653],
// 	[66.707, 28.841, 0.000, 73.280, 91.054, 13.703, 12.804, 89.102, 71.053, 21.571],
// 	[97.577, 76.899, 73.280, 0.000, 19.290, 59.700, 67.424, 46.721, 101.333, 66.416],
// 	[116.122, 96.158, 91.054, 19.290, 0.000, 77.358, 83.969, 56.938, 119.749, 81.685],
// 	[69.301, 32.575, 13.703, 59.700, 77.358, 0.000, 11.505, 78.841, 73.778, 18.029],
// 	[77.705, 39.946, 12.804, 67.424, 83.969, 11.505, 0.000, 89.975, 82.131, 8.885],
// 	[76.547, 76.079, 89.102, 46.721, 56.938, 78.841, 89.975, 0.000, 78.767, 93.412],
// 	[4.485, 42.282, 71.053, 101.333, 119.749, 73.778, 82.131, 78.767, 0.000, 90.721],
// 	[86.276, 48.653, 21.571, 66.416, 81.685, 18.029, 8.885, 93.412, 90.721, 0.000],
// ];


Distances =
[ [ 0, 37.9, 66.7, 97.7, 116.2, 69.3, 77.7, 76.6, 4.5, 86.3 ],
  [ 37.9, 0, 28.9, 76.9, 96.2, 32.5, 39.9, 76.1, 42.3, 48.7 ],
  [ 66.7, 28.9, 0, 73.2, 91, 13.7, 12.8, 89.2, 71.1, 21.6 ],
  [ 97.7, 76.9, 73.2, 0, 19.3, 59.7, 67.4, 46.8, 101.4, 66.4 ],
  [ 116.2, 96.2, 91, 19.3, 0, 77.4, 84, 56.9, 119.7, 81.7 ],
  [ 69.3, 32.5, 13.7, 59.7, 77.4, 0, 11.5, 78.9, 73.8, 18.1 ],
  [ 77.7, 39.9, 12.8, 67.4, 84, 11.5, 0, 90, 82.1, 8.9 ],
  [ 76.6, 76.1, 89.2, 46.8, 56.9, 78.9, 90, 0, 78.8, 93.5 ],
  [ 4.5, 42.3, 71.1, 101.4, 119.7, 73.8, 82.1, 78.8, 0, 90.8 ],
  [ 86.3, 48.7, 21.6, 66.4, 81.7, 18.1, 8.9, 93.5, 90.8, 0 ] ];


	for(var i = 0; i < 10; i++) {
		for(var j = 0; j < 10; j++) {
			if(i === 5) {
				Distances[i][j] = 1000;
			}
		}
	}

console.log(Distances);